track 0 (violin):

midi: [72,  71,  72,  74,  72,  72,  71,  72,  74,  72,  72,  71,  72,  74,  72,  72,  71,  72,  74,  72,  77,  77,  79,  81,  79,  81,  79,  77,  77,  79,  80,  80,  80,  79,  77,  72,  71,  72,  74,  72,  72,  71,  72,  74,  72,  76,  77]

duration: [0.1864583333333325,  0.061458333333332504,  0.1864583333333325,  0.061458333333332504,  0.2489583333333325,  0.1864583333333325,  0.061458333333332504,  0.1864583333333325,  0.061458333333332504,  0.2489583333333325,  0.18645833333333428,  0.06145833333333428,  0.18645833333333428,  0.06145833333333428,  0.24895833333333428,  0.18645833333333428,  0.06145833333333428,  0.18645833333333428,  0.06145833333333428,  0.24895833333333428,  0.4989583333333343,  0.9989583333333343,  0.3739583333333343,  0.12395833333333428,  0.3739583333333343,  0.12395833333333428,  0.9989583333333343,  0.4989583333333343,  0.4989583333333343,  0.24895833333333428,  0.4989583333333343,  0.4989583333333343,  0.24895833333333428,  0.24895833333333428,  0.24895833333333428,  0.18645833333333428,  0.06145833333333428,  0.18645833333333428,  0.06145833333333428,  0.24895833333333428,  0.18645833333333428,  0.06145833333333428,  0.18645833333333428,  0.06145833333333428,  0.24895833333333428,  0.4989583333333343,  1.9989583333333343]

track 8 (pizzicato):

midi: [65,  60,  65,  60,  65,  60,  65,  60,  65,  60,  65,  60,  65,  60,  65,  60,  65,  60,  60,  65,  65,  60,  65,  60,  67,  69,  67,  69,  67,  65,  60,  68,  68,  68,  67,  65,  65,  60,  60,  60,  65,  60]

duration: [0.49895833333333334,  0.4989583333333334,  0.4989583333333334,  0.4989583333333334,  0.4989583333333334,  0.4989583333333334,  0.4989583333333334,  0.4989583333333334,  0.4989583333333325,  0.4989583333333325,  0.4989583333333325,  0.4989583333333325,  0.4989583333333325,  0.4989583333333325,  0.4989583333333325,  0.4989583333333325,  0.4989583333333343,  0.4989583333333343,  0.4989583333333343,  0.4989583333333343,  0.4989583333333343,  0.4989583333333343,  0.4989583333333343,  0.4989583333333343,  0.3739583333333343,  0.12395833333333428,  0.3739583333333343,  0.12395833333333428,  0.24895833333333428,  0.4989583333333343,  0.4989583333333343,  0.4989583333333343,  0.4989583333333343,  0.24895833333333428,  0.24895833333333428,  0.24895833333333428,  0.4989583333333343,  0.4989583333333343,  0.4989583333333343,  0.4989583333333343,  0.4989583333333343,  0.4989583333333343]


track 12 (cello):

midi: [41,  53,  57,  48,  53,  57,  41,  53,  57,  48,  53,  57,  41,  53,  57,  48,  53,  57,  41,  53,  57,  48,  53,  57,  41,  53,  57,  48,  53,  57,  41,  53,  57,  48,  53,  57,  41,  53,  57,  48,  53,  57,  41,  53,  57,  48,  53,  57,  41,  53,  57,  48,  53,  57,  53,  57,  53,  57,  41,  53,  57,  48,  53,  57,  53,  57,  53,  57,  52,  57,  52,  57,  52,  57,  41,  53,  57,  48,  53,  57,  53,  58,  53,  58,  53,  58,  41,  53,  57,  48,  53,  57,  48,  52,  60,  48,  52,  60,  41,  53,  57,  48,  53,  57]

duration: [0.24895833333333334,  0.24895833333333328,  0.24895833333333328,  0.2489583333333334,  0.2489583333333334,  0.2489583333333334,  0.2489583333333334,  0.2489583333333334,  0.2489583333333334,  0.2489583333333334,  0.2489583333333334,  0.2489583333333334,  0.2489583333333334,  0.2489583333333334,  0.2489583333333334,  0.2489583333333334,  0.2489583333333334,  0.2489583333333334,  0.2489583333333334,  0.2489583333333334,  0.2489583333333334,  0.2489583333333334,  0.2489583333333334,  0.2489583333333334,  0.2489583333333325,  0.2489583333333325,  0.2489583333333325,  0.2489583333333325,  0.2489583333333325,  0.2489583333333325,  0.2489583333333325,  0.2489583333333325,  0.2489583333333325,  0.2489583333333325,  0.2489583333333325,  0.2489583333333325,  0.2489583333333325,  0.2489583333333325,  0.2489583333333325,  0.2489583333333325,  0.2489583333333325,  0.2489583333333325,  0.2489583333333325,  0.2489583333333325,  0.2489583333333325,  0.2489583333333325,  0.2489583333333325,  0.2489583333333325,  0.24895833333333428,  0.24895833333333428,  0.24895833333333428,  0.24895833333333428,  0.24895833333333428,  0.24895833333333428,  0.24895833333333428,  0.24895833333333428,  0.24895833333333428,  0.24895833333333428,  0.24895833333333428,  0.24895833333333428,  0.24895833333333428,  0.24895833333333428,  0.24895833333333428,  0.24895833333333428,  0.24895833333333428,  0.24895833333333428,  0.9989583333333343,  0.9989583333333343,  0.4989583333333343,  0.4989583333333343,  0.4989583333333343,  0.4989583333333343,  0.4989583333333343,  0.4989583333333343,  0.24895833333333428,  0.24895833333333428,  0.24895833333333428,  0.24895833333333428,  0.24895833333333428,  0.24895833333333428,  0.24895833333333428,  0.24895833333333428,  0.24895833333333428,  0.24895833333333428,  0.24895833333333428,  0.24895833333333428,  0.24895833333333428,  0.24895833333333428,  0.24895833333333428,  0.24895833333333428,  0.24895833333333428,  0.24895833333333428,  0.24895833333333428,  0.24895833333333428,  0.24895833333333428,  0.24895833333333428,  0.24895833333333428,  0.24895833333333428,  0.24895833333333428,  0.24895833333333428,  0.24895833333333428,  0.24895833333333428,  0.24895833333333428,  0.24895833333333428]

track 18 (cello): 

midi: [41,  48,  41,  48,  41,  48,  41,  48,  41,  48,  41,  48,  41,  48,  41,  48,  41,  48,  48,  41,  41,  48,  41,  48,  48,  55,  48,  55,  48,  55,  41,  48,  49,  56,  49,  56,  49,  56,  41,  48,  48,  41,  41]


duration: [0.24895833333333334,  0.9989583333333334,  0.2489583333333334,  0.9989583333333334,  0.2489583333333334,  0.9989583333333334,  0.2489583333333334,  0.9989583333333334,  0.2489583333333325,  0.9989583333333325,  0.2489583333333325,  0.9989583333333325,  0.2489583333333325,  0.9989583333333325,  0.2489583333333325,  0.9989583333333325,  0.24895833333333428,  0.9989583333333343,  0.9989583333333343,  0.24895833333333428,  0.24895833333333428,  0.9989583333333343,  0.24895833333333428,  0.9989583333333343,  0.4989583333333343,  0.4989583333333343,  0.4989583333333343,  0.4989583333333343,  0.4989583333333343,  0.4989583333333343,  0.4989583333333343,  0.9989583333333343,  0.24895833333333428,  0.24895833333333428,  0.24895833333333428,  0.24895833333333428,  0.24895833333333428,  0.24895833333333428,  0.24895833333333428,  0.9989583333333343,  1.9989583333333343,  0.24895833333333428,  0.24895833333333428]